300000 11.74 1.2599999999999998 0.7400000000000002
315000 12.85 1.1500000000000004 0.8499999999999996
330000 12.86 1.1400000000000006 0.8599999999999994
345000 13.53 3.4700000000000006 0.5299999999999994
360000 14.44 1.5600000000000005 0.4399999999999995
375000 14.52 1.4800000000000004 0.5199999999999996
390000 15.67 1.33 0.6699999999999999
405000 15.76 2.24 0.7599999999999998
420000 16.22 1.7800000000000011 0.21999999999999886
435000 17.48 4.52 0.4800000000000004
450000 17.42 1.5799999999999983 0.4200000000000017
465000 18.19 5.809999999999999 1.1900000000000013
480000 19.1 1.8999999999999986 1.1000000000000014
495000 19.07 1.9299999999999997 1.0700000000000003
510000 20.17 4.829999999999998 1.1700000000000017
525000 20.28 4.719999999999999 0.28000000000000114
540000 20.78 8.219999999999999 0.7800000000000011
555000 22.52 9.48 1.5199999999999996
570000 21.76 1.2399999999999984 0.7600000000000016
585000 22.62 8.379999999999999 0.620000000000001
600000 23.51 1.4899999999999984 0.5100000000000016
