300000 11.97 1.0299999999999994 0.9700000000000006
315000 12.86 1.1400000000000006 0.8599999999999994
330000 13.02 3.9800000000000004 1.0199999999999996
345000 13.59 1.4100000000000001 0.5899999999999999
360000 14.42 2.58 0.41999999999999993
375000 14.77 11.23 0.7699999999999996
390000 15.67 1.33 0.6699999999999999
405000 15.92 1.08 0.9199999999999999
420000 16.25 0.75 0.25
435000 17.57 2.4299999999999997 0.5700000000000003
450000 17.58 5.420000000000002 0.5799999999999983
465000 18.15 1.8500000000000014 1.1499999999999986
480000 19.21 7.789999999999999 1.2100000000000009
495000 19.28 11.719999999999999 1.2800000000000011
510000 20.2 0.8000000000000007 1.1999999999999993
525000 20.29 0.7100000000000009 1.2899999999999991
540000 20.74 1.2600000000000016 0.7399999999999984
555000 22.48 4.52 1.4800000000000004
570000 21.91 1.0899999999999999 0.9100000000000001
585000 22.54 1.4600000000000009 0.5399999999999991
600000 23.73 2.2699999999999996 0.7300000000000004
