300000 11.81 1.1899999999999995 0.8100000000000005
315000 12.77 1.2300000000000004 0.7699999999999996
330000 12.83 1.17 0.8300000000000001
345000 13.6 1.4000000000000004 0.5999999999999996
360000 14.39 1.6099999999999994 0.39000000000000057
375000 14.55 1.4499999999999993 0.5500000000000007
390000 15.66 2.34 0.6600000000000001
405000 15.83 5.17 0.8300000000000001
420000 16.3 7.699999999999999 0.3000000000000007
435000 17.5 3.5 0.5
450000 17.33 7.670000000000002 0.3299999999999983
465000 18.09 4.91 1.0899999999999999
480000 19.18 3.8200000000000003 1.1799999999999997
495000 19.0 3.0 1.0
510000 20.09 0.9100000000000001 1.0899999999999999
525000 20.16 0.8399999999999999 1.1600000000000001
540000 20.6 2.3999999999999986 0.6000000000000014
555000 22.23 2.7699999999999996 1.2300000000000004
570000 21.81 2.1900000000000013 0.8099999999999987
585000 22.46 1.5399999999999991 0.46000000000000085
600000 23.69 3.3099999999999987 0.6900000000000013
